% =========================================================================
% ECE 5746 - Simple Sawtooth Wave Oscillator Model
% (c) 2019 ok93@cornell.edu, ut33@cornell.edu, ll556@cornell.edu
% ===================================================================
function [par,sta] = NYQ_init(par,sta)


FixP_out = {0,23,'s'}; % {I,F,'s'} where 's' is signed
QType_out = 'WrpTrc_NoWarn'; % we wrap and truncate 

sta.NYQ.ins = [];
sta.NYQ.outs = [];

% =========================================================================
% ==============         FILTER COEFFICIENTS          ===================== 
% ============== here we have different sized arrays  =====================
% ============== for the filter coefficients,in order =====================
% ============== to use, comment out all but one lst  =====================
% =========================================================================

% length 16 coeff array:
% x_D = [0.1,0.2,0.3,0.4,0.5,0.6,0.7,0.8,0.8,0.7,0.6,0.5,0.4,0.3,0.2,0.1]; 

% length 24 coeff array:
% x_D = [0.1,0.15,0.2,0.25,0.3,0.35,0.4,0.5,0.6,0.7,0.8,0.9,0.9,0.8,0.7,0.6,0.5,0.4,0.35,0.3,0.25,0.2,0.15,0.1]; 

% length 32 coeff array:
% x_D = [0.1,0.15,0.2,0.25,0.3,0.35,0.4,0.45, 0.5, 0.55, 0.6,0.65, 0.7,0.75, 0.8,0.9,0.9,0.8,0.75,0.7,0.65,0.6,0.55,0.5,0.45,0.4,0.35,0.3,0.25,0.2,0.15,0.1]; 
% x_D = x_D/sum(x_D);

% length 1024 array
x_D = [1.08566258745833e-05,-8.97057481405328e-06,-6.81748054915728e-06,-5.59642249464742e-06,-4.77758320553618e-06,-4.05791250366985e-06,-3.22898287121508e-06,-2.2287033499661e-06,-1.03677811332085e-06,2.60925866388336e-07,1.574457554031e-06,2.74634838754856e-06,3.65676699473852e-06,4.16047134312081e-06,4.19089905265103e-06,3.68996490416726e-06,2.70367269080196e-06,1.2971291666973e-06,-3.63383443696387e-07,-2.11333531188233e-06,-3.71940152572605e-06,-4.99661712042484e-06,-5.73939424103261e-06,-5.84433028440528e-06,-5.22699676236953e-06,-3.94380847446768e-06,-2.0723758984143e-06,1.54227806605349e-07,2.53828210882811e-06,4.7424154565121e-06,6.52741144271856e-06,7.63531013716616e-06,7.87081173212941e-06,7.16545547670173e-06,5.55670728354391e-06,3.15903712325185e-06,2.29170634743068e-07,-2.91083796974745e-06,-5.87604071619931e-06,-8.31464815055021e-06,-9.88660614749757e-06,-1.03603583766944e-05,-9.59398822996597e-06,-7.6231148199424e-06,-4.60491371720057e-06,-8.64916997076356e-07,3.19890037393628e-06,7.09603097044769e-06,1.03618700512622e-05,1.25482554118809e-05,1.33465583714122e-05,1.25648659365613e-05,1.0229026690834e-05,6.51918353085711e-06,1.8306112938194e-06,-3.33937661428603e-06,-8.37200615048769e-06,-1.26641364156619e-05,-1.56484438928516e-05,-1.68998598649903e-05,-1.61732873849065e-05,-1.34642384529077e-05,-8.98261737394794e-06,-3.19970786089562e-06,3.26670609727811e-06,9.65806604586584e-06,1.52106293338715e-05,1.9195320989461e-05,2.10711047501964e-05,2.04944347369704e-05,1.74288858746496e-05,1.21078080772445e-05,5.08159739653533e-06,-2.89781029682949e-06,-1.08989779957056e-05,-1.79748795697892e-05,-2.32133012873128e-05,-2.59113472052294e-05,-2.56102423363384e-05,-2.222404142678e-05,-1.60044160552399e-05,-7.58570060787342e-06,2.13363766524358e-06,1.20291908786379e-05,2.09298204744272e-05,2.77083976289764e-05,3.14655084181533e-05,3.16046639272768e-05,2.79643025924617e-05,2.08002168639557e-05,1.08380704919197e-05,-8.63867125234567e-07,-1.29595729312095e-05,-2.40259658202043e-05,-3.2674937886459e-05,-3.77812137440977e-05,-3.85648947921548e-05,-3.47655953894765e-05,-2.66337544912504e-05,-1.49802953353799e-05,-1.04150120320866e-06,1.35885730919877e-05,2.71975879316718e-05,3.80965486139485e-05,4.48839170775238e-05,4.65637923393043e-05,4.27432482070211e-05,3.36452024639994e-05,2.01648910884664e-05,3.72954812173845e-06,-1.37946079767633e-05,-3.03644347818777e-05,-4.39431660295993e-05,-5.28011115560773e-05,-5.56793395285267e-05,-5.20183239189214e-05,-4.19873379074035e-05,-2.65604723665255e-05,-7.36137384546362e-06,1.34392403407015e-05,3.34266790896493e-05,5.01637942801012e-05,6.15417056513432e-05,6.59825848505442e-05,6.27132154840718e-05,5.18234870638687e-05,3.43490598536503e-05,1.21227023914157e-05,-1.23556222036177e-05,-3.62570428854823e-05,-5.66884531680294e-05,-7.10969436709032e-05,-7.75282339805949e-05,-7.49430406477321e-05,-6.33130629429229e-05,-4.372042940653e-05,-1.82089559114277e-05,1.03672158715413e-05,3.8717216406291e-05,6.34323548207927e-05,8.14497351457358e-05,9.03688044175221e-05,8.88260634039806e-05,7.66283010047631e-05,5.48822847020137e-05,2.58405426405706e-05,-7.2644250749007e-06,-4.06339805045867e-05,-7.02801289298146e-05,-9.25547887331903e-05,-0.000104537137031591,-0.000104468963741641,-9.19410168988047e-05,-6.80481263036509e-05,-3.52493883814899e-05,2.82215229020181e-06,4.18151429974411e-05,7.70949891494387e-05,0.000104348808519726,0.000120051711814236,0.000121972120744433,0.000109420743644389,8.34430595310949e-05,4.66901945660431e-05,3.21262702491935e-06,-4.20381896357129e-05,-8.37112377718713e-05,-0.000116743304352483,-0.00013691118159777,-0.000141423951087125,-0.000129238210353189,-0.00010129968670993,-6.04316462886213e-05,-1.11147661056055e-05,4.10531168242541e-05,8.9934016286316e-05,0.000129621019640844,0.000155092810127021,0.000162898637239058,0.000151558076958823,0.000121855361231753,7.6757590649868e-05,2.11831433950301e-05,-3.85827037947859e-05,-9.55383145120042e-05,-0.000142837113439546,-0.000174550253635715,-0.000186456774395222,-0.000176540877537493,-0.000145354539465223,-9.59692320090831e-05,-3.3741227247642e-05,3.43167280937194e-05,0.000100265254266655,0.000156214809436093,0.000195208568871749,0.000212135301928955,0.000204334605859118,0.000172039953542025,0.000118378154820962,4.91334180687248e-05,-2.79178729397053e-05,-0.000103824056977546,-0.000169543882043111,-0.00021696581540632,-0.000239954411370111,-0.000235080521528654,-0.000202159729971307,-0.000144311042223754,-6.77301466085058e-05,1.90153498964629e-05,0.000105885552408165,0.000182576758433095,0.000239685829687164,0.00026990655047636,0.000268902843825343,0.00023595824297885,0.000174105968511393,8.99237924051449e-05,-7.20590848123211e-06,-0.000106083610131509,-0.000195027796435343,-0.000263197955157098,-0.000301958289006149,-0.000305911604828938,-0.000273677290156329,-0.000208111873683475,-0.00011613125390573,-7.94649007657182e-06,0.000104013638895478,0.000206571275046542,0.000287294756719793,0.000336047060615686,0.000346198517495874,0.000315555781996442,0.000246687555906493,0.000146791957176874,2.69116057911839e-05,-9.92295489095452e-05,-0.000216837917409947,-0.000311729455149098,-0.00037207917641479,-0.000389836899902186,-0.000361827702068662,-0.000290203349697088,-0.000182370850114187,-5.01965223653418e-05,9.12422269458904e-05,0.000225414183410936,0.000336212797550825,0.000409926219948348,0.000436877210572558,0.000412718997375168,0.000339037544588589,0.000223356325118279,7.83433591263196e-05,-7.95182052309934e-05,-0.000231839363960165,-0.000360412990321146,-0.000449426678759137,-0.000487349811654961,-0.0004684528130801,-0.000393582425900618,-0.00027026639540546,-0.000111936769072196,6.34745247675111e-05,0.00023560030899568,0.000383949419172762,0.000490379727504997,0.000541261307614877,0.000529245435982704,0.000454241894435266,0.000323648040482103,0.00015160476569048,-4.24757007394991e-05,-0.000236130204729092,-0.000406392300127809,-0.000532546995646712,-0.000598596257498066,-0.000595310407997647,-0.000521438153651122,-0.000384085578029857,-0.000198026086666797,1.58273521154493e-05,0.000232802084774486,0.000427258342144117,0.00057564932164718,0.000659317375763704,0.000666861610898277,0.000595615063635723,0.00045220421464398,0.000251936803917927,1.72303966904131e-05,-0.000224922524197291,-0.000446005833809472,-0.000619364833488592,-0.000723366252992297,-0.00074411685008123,-0.000677245775634009,-0.000528680636262588,-0.000314139314761115,-5.75317666647503e-05,0.00021172606413949,0.000462031965169894,0.0006633307442463,0.000790668993099287,0.000827306489530632,0.000766844555919754,0.00061425739421794,